{
  "frames": {
    "reference": "cam0"
  },
  "images": [
    "./data/phantom_images/left_set01.png",
    "./data/phantom_images/right_set01.png",
    "./data/phantom_images/back_set01.png"
  ],
  "intrinsics": {
    "cam0": "intrin_cam_left.npz",
    "cam1": "intrin_cam_right.npz",
    "cam2": "intrin_cam_back.npz"
  },
  "H_cam0": [
    [
      0.711645064926009,
      0.7021780567100506,
      0.02252283821711279,
      -75.37056702564823
    ],
    [
      0.5949892602217448,
      -0.5853444383226356,
      -0.550780962584528,
      10.17490078212603
    ],
    [
      -0.37356268789486746,
      0.4053614007273699,
      -0.8343458833200452,
      487.66475201098564
    ],
    [
      0.0,
      0.0,
      0.0,
      1.0
    ]
  ],
  "H_cam1": [
    [
      -0.6943462085541614,
      -0.7191626978627232,
      -0.026236552160495835,
      84.92409059369675
    ],
    [
      -0.5837497553423363,
      0.5841779203034354,
      -0.5638903976551791,
      28.14652606374954
    ],
    [
      0.4208557541536335,
      -0.3762195787472562,
      -0.8254327730124443,
      471.25047378007196
    ],
    [
      0.0,
      0.0,
      0.0,
      1.0
    ]
  ],
  "H_cam2": [
    [
      -0.5610794833218234,
      -0.5574446558123842,
      -0.6119193321848296,
      87.90986237709157
    ],
    [
      -0.6828992682986805,
      0.7295026848139091,
      -0.03839820577090025,
      -10.625300386275809
    ],
    [
      0.46780167031814035,
      0.3963348187524158,
      -0.7899875370485584,
      451.65805130550973
    ],
    [
      0.0,
      0.0,
      0.0,
      1.0
    ]
  ],
  "H_cam1_in_cam0": [
    [
      -0.9996992399309443,
      0.022279941931490254,
      -0.01024860327178374,
      14.347378399400867
    ],
    [
      -0.017926127888124654,
      -0.37869003571356924,
      0.9253499396391589,
      -420.6119916566983
    ],
    [
      0.01673569898246269,
      0.9252553491003365,
      0.3789755339606805,
      278.2844617395573
    ],
    [
      0.0,
      0.0,
      0.0,
      1.0
    ]
  ],
  "H_cam2_in_cam0": [
    [
      -0.8044970105996763,
      0.32949438105004647,
      0.49418418913663303,
      -217.07431616076335
    ],
    [
      0.02539404688465135,
      -0.8121790690122399,
      0.5828553012894632,
      -284.6854811905991
    ],
    [
      0.5934136013936698,
      0.48145468396813595,
      0.6450284373313608,
      176.92758435158532
    ],
    [
      0.0,
      0.0,
      0.0,
      1.0
    ]
  ],
  "reprojection_rms_px": {
    "cam0": 3.3471608525924865,
    "cam1": 3.5108515372237563,
    "cam2": 0.5726341032875463
  },
  "phantom_file": "phantom_points.xlsx"
}